0.000000000000000000e+00 4.347826086956522174e-01 3.913043478260869179e-01 4.347826086956522174e-01 4.347826086956522174e-01 4.347826086956522174e-01 4.782608695652174058e-01 3.913043478260869179e-01
4.347826086956522174e-01 0.000000000000000000e+00 1.739130434782608647e-01 1.739130434782608647e-01 1.304347826086956763e-01 1.739130434782608647e-01 4.347826086956522174e-01 4.782608695652174058e-01
3.913043478260869179e-01 1.739130434782608647e-01 0.000000000000000000e+00 1.739130434782608647e-01 1.739130434782608647e-01 2.173913043478260532e-01 4.782608695652174058e-01 5.217391304347825942e-01
4.347826086956522174e-01 1.739130434782608647e-01 1.739130434782608647e-01 0.000000000000000000e+00 1.304347826086956763e-01 1.304347826086956763e-01 3.913043478260869179e-01 4.782608695652174058e-01
4.347826086956522174e-01 1.304347826086956763e-01 1.739130434782608647e-01 1.304347826086956763e-01 0.000000000000000000e+00 1.304347826086956763e-01 3.478260869565217295e-01 4.782608695652174058e-01
4.347826086956522174e-01 1.739130434782608647e-01 2.173913043478260532e-01 1.304347826086956763e-01 1.304347826086956763e-01 0.000000000000000000e+00 3.478260869565217295e-01 4.782608695652174058e-01
4.782608695652174058e-01 4.347826086956522174e-01 4.782608695652174058e-01 3.913043478260869179e-01 3.478260869565217295e-01 3.478260869565217295e-01 0.000000000000000000e+00 4.782608695652174058e-01
3.913043478260869179e-01 4.782608695652174058e-01 5.217391304347825942e-01 4.782608695652174058e-01 4.782608695652174058e-01 4.782608695652174058e-01 4.782608695652174058e-01 0.000000000000000000e+00
